0.000000            0.000000            200.000000          
0.120690            0.000000            200.000000          
0.241379            0.000000            200.000000          
0.362069            0.000000            200.000000          
0.482759            0.000000            200.000000          
0.603448            0.000000            200.000000          
0.724138            0.000000            200.000000          
0.844828            0.000000            200.000000          
0.965517            0.000000            200.000000          
1.086207            0.000000            200.000000          
1.206897            0.000000            200.000000          
1.327586            0.000000            200.000000          
1.448276            0.000000            200.000000          
1.568966            0.000000            200.000000          
1.689655            0.000000            200.000000          
1.810345            0.000000            200.000000          
1.931034            0.000000            200.000000          
2.051724            0.000000            200.000000          
2.172414            0.000000            200.000000          
2.293103            0.000000            200.000000          
2.413793            0.000000            200.000000          
2.534483            0.000000            200.000000          
2.655172            0.000000            200.000000          
2.775862            0.000000            200.000000          
2.896552            0.000000            200.000000          
3.017241            0.000000            200.000000          
3.137931            0.000000            200.000000          
3.258621            0.000000            200.000000          
3.379310            0.000000            200.000000          
3.500000            0.000000            0.000000            
0.000000            0.120690            200.000000          
0.120690            0.120690            0.000000            
0.241379            0.120690            0.000000            
0.362069            0.120690            0.000000            
0.482759            0.120690            0.000000            
0.603448            0.120690            0.000000            
0.724138            0.120690            0.000000            
0.844828            0.120690            0.000000            
0.965517            0.120690            0.000000            
1.086207            0.120690            0.000000            
1.206897            0.120690            0.000000            
1.327586            0.120690            0.000000            
1.448276            0.120690            0.000000            
1.568966            0.120690            0.000000            
1.689655            0.120690            0.000000            
1.810345            0.120690            0.000000            
1.931034            0.120690            0.000000            
2.051724            0.120690            0.000000            
2.172414            0.120690            0.000000            
2.293103            0.120690            0.000000            
2.413793            0.120690            0.000000            
2.534483            0.120690            0.000000            
2.655172            0.120690            0.000000            
2.775862            0.120690            0.000000            
2.896552            0.120690            0.000000            
3.017241            0.120690            0.000000            
3.137931            0.120690            0.000000            
3.258621            0.120690            0.000000            
3.379310            0.120690            0.000000            
3.500000            0.120690            0.000000            
0.000000            0.241379            200.000000          
0.120690            0.241379            0.000000            
0.241379            0.241379            0.000000            
0.362069            0.241379            0.000000            
0.482759            0.241379            0.000000            
0.603448            0.241379            0.000000            
0.724138            0.241379            0.000000            
0.844828            0.241379            0.000000            
0.965517            0.241379            0.000000            
1.086207            0.241379            0.000000            
1.206897            0.241379            0.000000            
1.327586            0.241379            0.000000            
1.448276            0.241379            0.000000            
1.568966            0.241379            0.000000            
1.689655            0.241379            0.000000            
1.810345            0.241379            0.000000            
1.931034            0.241379            0.000000            
2.051724            0.241379            0.000000            
2.172414            0.241379            0.000000            
2.293103            0.241379            0.000000            
2.413793            0.241379            0.000000            
2.534483            0.241379            0.000000            
2.655172            0.241379            0.000000            
2.775862            0.241379            0.000000            
2.896552            0.241379            0.000000            
3.017241            0.241379            0.000000            
3.137931            0.241379            0.000000            
3.258621            0.241379            0.000000            
3.379310            0.241379            0.000000            
3.500000            0.241379            0.000000            
0.000000            0.362069            200.000000          
0.120690            0.362069            0.000000            
0.241379            0.362069            0.000000            
0.362069            0.362069            0.000000            
0.482759            0.362069            0.000000            
0.603448            0.362069            0.000000            
0.724138            0.362069            0.000000            
0.844828            0.362069            0.000000            
0.965517            0.362069            0.000000            
1.086207            0.362069            0.000000            
1.206897            0.362069            0.000000            
1.327586            0.362069            0.000000            
1.448276            0.362069            0.000000            
1.568966            0.362069            0.000000            
1.689655            0.362069            0.000000            
1.810345            0.362069            0.000000            
1.931034            0.362069            0.000000            
2.051724            0.362069            0.000000            
2.172414            0.362069            0.000000            
2.293103            0.362069            0.000000            
2.413793            0.362069            0.000000            
2.534483            0.362069            0.000000            
2.655172            0.362069            0.000000            
2.775862            0.362069            0.000000            
2.896552            0.362069            0.000000            
3.017241            0.362069            0.000000            
3.137931            0.362069            0.000000            
3.258621            0.362069            0.000000            
3.379310            0.362069            0.000000            
3.500000            0.362069            0.000000            
0.000000            0.482759            200.000000          
0.120690            0.482759            0.000000            
0.241379            0.482759            0.000000            
0.362069            0.482759            0.000000            
0.482759            0.482759            0.000000            
0.603448            0.482759            0.000000            
0.724138            0.482759            0.000000            
0.844828            0.482759            0.000000            
0.965517            0.482759            0.000000            
1.086207            0.482759            0.000000            
1.206897            0.482759            0.000000            
1.327586            0.482759            0.000000            
1.448276            0.482759            0.000000            
1.568966            0.482759            0.000000            
1.689655            0.482759            0.000000            
1.810345            0.482759            0.000000            
1.931034            0.482759            0.000000            
2.051724            0.482759            0.000000            
2.172414            0.482759            0.000000            
2.293103            0.482759            0.000000            
2.413793            0.482759            0.000000            
2.534483            0.482759            0.000000            
2.655172            0.482759            0.000000            
2.775862            0.482759            0.000000            
2.896552            0.482759            0.000000            
3.017241            0.482759            0.000000            
3.137931            0.482759            0.000000            
3.258621            0.482759            0.000000            
3.379310            0.482759            0.000000            
3.500000            0.482759            0.000000            
0.000000            0.603448            200.000000          
0.120690            0.603448            0.000000            
0.241379            0.603448            0.000000            
0.362069            0.603448            0.000000            
0.482759            0.603448            0.000000            
0.603448            0.603448            0.000000            
0.724138            0.603448            0.000000            
0.844828            0.603448            0.000000            
0.965517            0.603448            0.000000            
1.086207            0.603448            0.000000            
1.206897            0.603448            0.000000            
1.327586            0.603448            0.000000            
1.448276            0.603448            0.000000            
1.568966            0.603448            0.000000            
1.689655            0.603448            0.000000            
1.810345            0.603448            0.000000            
1.931034            0.603448            0.000000            
2.051724            0.603448            0.000000            
2.172414            0.603448            0.000000            
2.293103            0.603448            0.000000            
2.413793            0.603448            0.000000            
2.534483            0.603448            0.000000            
2.655172            0.603448            0.000000            
2.775862            0.603448            0.000000            
2.896552            0.603448            0.000000            
3.017241            0.603448            0.000000            
3.137931            0.603448            0.000000            
3.258621            0.603448            0.000000            
3.379310            0.603448            0.000000            
3.500000            0.603448            0.000000            
0.000000            0.724138            200.000000          
0.120690            0.724138            0.000000            
0.241379            0.724138            0.000000            
0.362069            0.724138            0.000000            
0.482759            0.724138            0.000000            
0.603448            0.724138            0.000000            
0.724138            0.724138            0.000000            
0.844828            0.724138            0.000000            
0.965517            0.724138            0.000000            
1.086207            0.724138            0.000000            
1.206897            0.724138            0.000000            
1.327586            0.724138            0.000000            
1.448276            0.724138            0.000000            
1.568966            0.724138            0.000000            
1.689655            0.724138            0.000000            
1.810345            0.724138            0.000000            
1.931034            0.724138            0.000000            
2.051724            0.724138            0.000000            
2.172414            0.724138            0.000000            
2.293103            0.724138            0.000000            
2.413793            0.724138            0.000000            
2.534483            0.724138            0.000000            
2.655172            0.724138            0.000000            
2.775862            0.724138            0.000000            
2.896552            0.724138            0.000000            
3.017241            0.724138            0.000000            
3.137931            0.724138            0.000000            
3.258621            0.724138            0.000000            
3.379310            0.724138            0.000000            
3.500000            0.724138            0.000000            
0.000000            0.844828            200.000000          
0.120690            0.844828            0.000000            
0.241379            0.844828            0.000000            
0.362069            0.844828            0.000000            
0.482759            0.844828            0.000000            
0.603448            0.844828            0.000000            
0.724138            0.844828            0.000000            
0.844828            0.844828            0.000000            
0.965517            0.844828            0.000000            
1.086207            0.844828            0.000000            
1.206897            0.844828            0.000000            
1.327586            0.844828            0.000000            
1.448276            0.844828            0.000000            
1.568966            0.844828            0.000000            
1.689655            0.844828            0.000000            
1.810345            0.844828            0.000000            
1.931034            0.844828            0.000000            
2.051724            0.844828            0.000000            
2.172414            0.844828            0.000000            
2.293103            0.844828            0.000000            
2.413793            0.844828            0.000000            
2.534483            0.844828            0.000000            
2.655172            0.844828            0.000000            
2.775862            0.844828            0.000000            
2.896552            0.844828            0.000000            
3.017241            0.844828            0.000000            
3.137931            0.844828            0.000000            
3.258621            0.844828            0.000000            
3.379310            0.844828            0.000000            
3.500000            0.844828            0.000000            
0.000000            0.965517            200.000000          
0.120690            0.965517            0.000000            
0.241379            0.965517            0.000000            
0.362069            0.965517            0.000000            
0.482759            0.965517            0.000000            
0.603448            0.965517            0.000000            
0.724138            0.965517            0.000000            
0.844828            0.965517            0.000000            
0.965517            0.965517            0.000000            
1.086207            0.965517            0.000000            
1.206897            0.965517            0.000000            
1.327586            0.965517            0.000000            
1.448276            0.965517            0.000000            
1.568966            0.965517            0.000000            
1.689655            0.965517            0.000000            
1.810345            0.965517            0.000000            
1.931034            0.965517            0.000000            
2.051724            0.965517            0.000000            
2.172414            0.965517            0.000000            
2.293103            0.965517            0.000000            
2.413793            0.965517            0.000000            
2.534483            0.965517            0.000000            
2.655172            0.965517            0.000000            
2.775862            0.965517            0.000000            
2.896552            0.965517            0.000000            
3.017241            0.965517            0.000000            
3.137931            0.965517            0.000000            
3.258621            0.965517            0.000000            
3.379310            0.965517            0.000000            
3.500000            0.965517            0.000000            
0.000000            1.086207            200.000000          
0.120690            1.086207            0.000000            
0.241379            1.086207            0.000000            
0.362069            1.086207            0.000000            
0.482759            1.086207            0.000000            
0.603448            1.086207            0.000000            
0.724138            1.086207            0.000000            
0.844828            1.086207            0.000000            
0.965517            1.086207            0.000000            
1.086207            1.086207            0.000000            
1.206897            1.086207            0.000000            
1.327586            1.086207            0.000000            
1.448276            1.086207            0.000000            
1.568966            1.086207            0.000000            
1.689655            1.086207            0.000000            
1.810345            1.086207            0.000000            
1.931034            1.086207            0.000000            
2.051724            1.086207            0.000000            
2.172414            1.086207            0.000000            
2.293103            1.086207            0.000000            
2.413793            1.086207            0.000000            
2.534483            1.086207            0.000000            
2.655172            1.086207            0.000000            
2.775862            1.086207            0.000000            
2.896552            1.086207            0.000000            
3.017241            1.086207            0.000000            
3.137931            1.086207            0.000000            
3.258621            1.086207            0.000000            
3.379310            1.086207            0.000000            
3.500000            1.086207            0.000000            
0.000000            1.206897            200.000000          
0.120690            1.206897            0.000000            
0.241379            1.206897            0.000000            
0.362069            1.206897            0.000000            
0.482759            1.206897            0.000000            
0.603448            1.206897            0.000000            
0.724138            1.206897            0.000000            
0.844828            1.206897            0.000000            
0.965517            1.206897            0.000000            
1.086207            1.206897            0.000000            
1.206897            1.206897            0.000000            
1.327586            1.206897            0.000000            
1.448276            1.206897            0.000000            
1.568966            1.206897            0.000000            
1.689655            1.206897            0.000000            
1.810345            1.206897            0.000000            
1.931034            1.206897            0.000000            
2.051724            1.206897            0.000000            
2.172414            1.206897            0.000000            
2.293103            1.206897            0.000000            
2.413793            1.206897            0.000000            
2.534483            1.206897            0.000000            
2.655172            1.206897            0.000000            
2.775862            1.206897            0.000000            
2.896552            1.206897            0.000000            
3.017241            1.206897            0.000000            
3.137931            1.206897            0.000000            
3.258621            1.206897            0.000000            
3.379310            1.206897            0.000000            
3.500000            1.206897            0.000000            
0.000000            1.327586            200.000000          
0.120690            1.327586            0.000000            
0.241379            1.327586            0.000000            
0.362069            1.327586            0.000000            
0.482759            1.327586            0.000000            
0.603448            1.327586            0.000000            
0.724138            1.327586            0.000000            
0.844828            1.327586            0.000000            
0.965517            1.327586            0.000000            
1.086207            1.327586            0.000000            
1.206897            1.327586            0.000000            
1.327586            1.327586            0.000000            
1.448276            1.327586            0.000000            
1.568966            1.327586            0.000000            
1.689655            1.327586            0.000000            
1.810345            1.327586            0.000000            
1.931034            1.327586            0.000000            
2.051724            1.327586            0.000000            
2.172414            1.327586            0.000000            
2.293103            1.327586            0.000000            
2.413793            1.327586            0.000000            
2.534483            1.327586            0.000000            
2.655172            1.327586            0.000000            
2.775862            1.327586            0.000000            
2.896552            1.327586            0.000000            
3.017241            1.327586            0.000000            
3.137931            1.327586            0.000000            
3.258621            1.327586            0.000000            
3.379310            1.327586            0.000000            
3.500000            1.327586            0.000000            
0.000000            1.448276            200.000000          
0.120690            1.448276            0.000000            
0.241379            1.448276            0.000000            
0.362069            1.448276            0.000000            
0.482759            1.448276            0.000000            
0.603448            1.448276            0.000000            
0.724138            1.448276            0.000000            
0.844828            1.448276            0.000000            
0.965517            1.448276            0.000000            
1.086207            1.448276            0.000000            
1.206897            1.448276            0.000000            
1.327586            1.448276            0.000000            
1.448276            1.448276            0.000000            
1.568966            1.448276            0.000000            
1.689655            1.448276            0.000000            
1.810345            1.448276            0.000000            
1.931034            1.448276            0.000000            
2.051724            1.448276            0.000000            
2.172414            1.448276            0.000000            
2.293103            1.448276            0.000000            
2.413793            1.448276            0.000000            
2.534483            1.448276            0.000000            
2.655172            1.448276            0.000000            
2.775862            1.448276            0.000000            
2.896552            1.448276            0.000000            
3.017241            1.448276            0.000000            
3.137931            1.448276            0.000000            
3.258621            1.448276            0.000000            
3.379310            1.448276            0.000000            
3.500000            1.448276            0.000000            
0.000000            1.568966            200.000000          
0.120690            1.568966            0.000000            
0.241379            1.568966            0.000000            
0.362069            1.568966            0.000000            
0.482759            1.568966            0.000000            
0.603448            1.568966            0.000000            
0.724138            1.568966            0.000000            
0.844828            1.568966            0.000000            
0.965517            1.568966            0.000000            
1.086207            1.568966            0.000000            
1.206897            1.568966            0.000000            
1.327586            1.568966            0.000000            
1.448276            1.568966            0.000000            
1.568966            1.568966            0.000000            
1.689655            1.568966            0.000000            
1.810345            1.568966            0.000000            
1.931034            1.568966            0.000000            
2.051724            1.568966            0.000000            
2.172414            1.568966            0.000000            
2.293103            1.568966            0.000000            
2.413793            1.568966            0.000000            
2.534483            1.568966            0.000000            
2.655172            1.568966            0.000000            
2.775862            1.568966            0.000000            
2.896552            1.568966            0.000000            
3.017241            1.568966            0.000000            
3.137931            1.568966            0.000000            
3.258621            1.568966            0.000000            
3.379310            1.568966            0.000000            
3.500000            1.568966            0.000000            
0.000000            1.689655            200.000000          
0.120690            1.689655            0.000000            
0.241379            1.689655            0.000000            
0.362069            1.689655            0.000000            
0.482759            1.689655            0.000000            
0.603448            1.689655            0.000000            
0.724138            1.689655            0.000000            
0.844828            1.689655            0.000000            
0.965517            1.689655            0.000000            
1.086207            1.689655            0.000000            
1.206897            1.689655            0.000000            
1.327586            1.689655            0.000000            
1.448276            1.689655            0.000000            
1.568966            1.689655            0.000000            
1.689655            1.689655            0.000000            
1.810345            1.689655            0.000000            
1.931034            1.689655            0.000000            
2.051724            1.689655            0.000000            
2.172414            1.689655            0.000000            
2.293103            1.689655            0.000000            
2.413793            1.689655            0.000000            
2.534483            1.689655            0.000000            
2.655172            1.689655            0.000000            
2.775862            1.689655            0.000000            
2.896552            1.689655            0.000000            
3.017241            1.689655            0.000000            
3.137931            1.689655            0.000000            
3.258621            1.689655            0.000000            
3.379310            1.689655            0.000000            
3.500000            1.689655            0.000000            
0.000000            1.810345            200.000000          
0.120690            1.810345            0.000000            
0.241379            1.810345            0.000000            
0.362069            1.810345            0.000000            
0.482759            1.810345            0.000000            
0.603448            1.810345            0.000000            
0.724138            1.810345            0.000000            
0.844828            1.810345            0.000000            
0.965517            1.810345            0.000000            
1.086207            1.810345            0.000000            
1.206897            1.810345            0.000000            
1.327586            1.810345            0.000000            
1.448276            1.810345            0.000000            
1.568966            1.810345            0.000000            
1.689655            1.810345            0.000000            
1.810345            1.810345            0.000000            
1.931034            1.810345            0.000000            
2.051724            1.810345            0.000000            
2.172414            1.810345            0.000000            
2.293103            1.810345            0.000000            
2.413793            1.810345            0.000000            
2.534483            1.810345            0.000000            
2.655172            1.810345            0.000000            
2.775862            1.810345            0.000000            
2.896552            1.810345            0.000000            
3.017241            1.810345            0.000000            
3.137931            1.810345            0.000000            
3.258621            1.810345            0.000000            
3.379310            1.810345            0.000000            
3.500000            1.810345            0.000000            
0.000000            1.931034            200.000000          
0.120690            1.931034            0.000000            
0.241379            1.931034            0.000000            
0.362069            1.931034            0.000000            
0.482759            1.931034            0.000000            
0.603448            1.931034            0.000000            
0.724138            1.931034            0.000000            
0.844828            1.931034            0.000000            
0.965517            1.931034            0.000000            
1.086207            1.931034            0.000000            
1.206897            1.931034            0.000000            
1.327586            1.931034            0.000000            
1.448276            1.931034            0.000000            
1.568966            1.931034            0.000000            
1.689655            1.931034            0.000000            
1.810345            1.931034            0.000000            
1.931034            1.931034            0.000000            
2.051724            1.931034            0.000000            
2.172414            1.931034            0.000000            
2.293103            1.931034            0.000000            
2.413793            1.931034            0.000000            
2.534483            1.931034            0.000000            
2.655172            1.931034            0.000000            
2.775862            1.931034            0.000000            
2.896552            1.931034            0.000000            
3.017241            1.931034            0.000000            
3.137931            1.931034            0.000000            
3.258621            1.931034            0.000000            
3.379310            1.931034            0.000000            
3.500000            1.931034            0.000000            
0.000000            2.051724            200.000000          
0.120690            2.051724            0.000000            
0.241379            2.051724            0.000000            
0.362069            2.051724            0.000000            
0.482759            2.051724            0.000000            
0.603448            2.051724            0.000000            
0.724138            2.051724            0.000000            
0.844828            2.051724            0.000000            
0.965517            2.051724            0.000000            
1.086207            2.051724            0.000000            
1.206897            2.051724            0.000000            
1.327586            2.051724            0.000000            
1.448276            2.051724            0.000000            
1.568966            2.051724            0.000000            
1.689655            2.051724            0.000000            
1.810345            2.051724            0.000000            
1.931034            2.051724            0.000000            
2.051724            2.051724            0.000000            
2.172414            2.051724            0.000000            
2.293103            2.051724            0.000000            
2.413793            2.051724            0.000000            
2.534483            2.051724            0.000000            
2.655172            2.051724            0.000000            
2.775862            2.051724            0.000000            
2.896552            2.051724            0.000000            
3.017241            2.051724            0.000000            
3.137931            2.051724            0.000000            
3.258621            2.051724            0.000000            
3.379310            2.051724            0.000000            
3.500000            2.051724            0.000000            
0.000000            2.172414            200.000000          
0.120690            2.172414            0.000000            
0.241379            2.172414            0.000000            
0.362069            2.172414            0.000000            
0.482759            2.172414            0.000000            
0.603448            2.172414            0.000000            
0.724138            2.172414            0.000000            
0.844828            2.172414            0.000000            
0.965517            2.172414            0.000000            
1.086207            2.172414            0.000000            
1.206897            2.172414            0.000000            
1.327586            2.172414            0.000000            
1.448276            2.172414            0.000000            
1.568966            2.172414            0.000000            
1.689655            2.172414            0.000000            
1.810345            2.172414            0.000000            
1.931034            2.172414            0.000000            
2.051724            2.172414            0.000000            
2.172414            2.172414            0.000000            
2.293103            2.172414            0.000000            
2.413793            2.172414            0.000000            
2.534483            2.172414            0.000000            
2.655172            2.172414            0.000000            
2.775862            2.172414            0.000000            
2.896552            2.172414            0.000000            
3.017241            2.172414            0.000000            
3.137931            2.172414            0.000000            
3.258621            2.172414            0.000000            
3.379310            2.172414            0.000000            
3.500000            2.172414            0.000000            
0.000000            2.293103            200.000000          
0.120690            2.293103            0.000000            
0.241379            2.293103            0.000000            
0.362069            2.293103            0.000000            
0.482759            2.293103            0.000000            
0.603448            2.293103            0.000000            
0.724138            2.293103            0.000000            
0.844828            2.293103            0.000000            
0.965517            2.293103            0.000000            
1.086207            2.293103            0.000000            
1.206897            2.293103            0.000000            
1.327586            2.293103            0.000000            
1.448276            2.293103            0.000000            
1.568966            2.293103            0.000000            
1.689655            2.293103            0.000000            
1.810345            2.293103            0.000000            
1.931034            2.293103            0.000000            
2.051724            2.293103            0.000000            
2.172414            2.293103            0.000000            
2.293103            2.293103            0.000000            
2.413793            2.293103            0.000000            
2.534483            2.293103            0.000000            
2.655172            2.293103            0.000000            
2.775862            2.293103            0.000000            
2.896552            2.293103            0.000000            
3.017241            2.293103            0.000000            
3.137931            2.293103            0.000000            
3.258621            2.293103            0.000000            
3.379310            2.293103            0.000000            
3.500000            2.293103            0.000000            
0.000000            2.413793            200.000000          
0.120690            2.413793            0.000000            
0.241379            2.413793            0.000000            
0.362069            2.413793            0.000000            
0.482759            2.413793            0.000000            
0.603448            2.413793            0.000000            
0.724138            2.413793            0.000000            
0.844828            2.413793            0.000000            
0.965517            2.413793            0.000000            
1.086207            2.413793            0.000000            
1.206897            2.413793            0.000000            
1.327586            2.413793            0.000000            
1.448276            2.413793            0.000000            
1.568966            2.413793            0.000000            
1.689655            2.413793            0.000000            
1.810345            2.413793            0.000000            
1.931034            2.413793            0.000000            
2.051724            2.413793            0.000000            
2.172414            2.413793            0.000000            
2.293103            2.413793            0.000000            
2.413793            2.413793            0.000000            
2.534483            2.413793            0.000000            
2.655172            2.413793            0.000000            
2.775862            2.413793            0.000000            
2.896552            2.413793            0.000000            
3.017241            2.413793            0.000000            
3.137931            2.413793            0.000000            
3.258621            2.413793            0.000000            
3.379310            2.413793            0.000000            
3.500000            2.413793            0.000000            
0.000000            2.534483            200.000000          
0.120690            2.534483            0.000000            
0.241379            2.534483            0.000000            
0.362069            2.534483            0.000000            
0.482759            2.534483            0.000000            
0.603448            2.534483            0.000000            
0.724138            2.534483            0.000000            
0.844828            2.534483            0.000000            
0.965517            2.534483            0.000000            
1.086207            2.534483            0.000000            
1.206897            2.534483            0.000000            
1.327586            2.534483            0.000000            
1.448276            2.534483            0.000000            
1.568966            2.534483            0.000000            
1.689655            2.534483            0.000000            
1.810345            2.534483            0.000000            
1.931034            2.534483            0.000000            
2.051724            2.534483            0.000000            
2.172414            2.534483            0.000000            
2.293103            2.534483            0.000000            
2.413793            2.534483            0.000000            
2.534483            2.534483            0.000000            
2.655172            2.534483            0.000000            
2.775862            2.534483            0.000000            
2.896552            2.534483            0.000000            
3.017241            2.534483            0.000000            
3.137931            2.534483            0.000000            
3.258621            2.534483            0.000000            
3.379310            2.534483            0.000000            
3.500000            2.534483            0.000000            
0.000000            2.655172            200.000000          
0.120690            2.655172            0.000000            
0.241379            2.655172            0.000000            
0.362069            2.655172            0.000000            
0.482759            2.655172            0.000000            
0.603448            2.655172            0.000000            
0.724138            2.655172            0.000000            
0.844828            2.655172            0.000000            
0.965517            2.655172            0.000000            
1.086207            2.655172            0.000000            
1.206897            2.655172            0.000000            
1.327586            2.655172            0.000000            
1.448276            2.655172            0.000000            
1.568966            2.655172            0.000000            
1.689655            2.655172            0.000000            
1.810345            2.655172            0.000000            
1.931034            2.655172            0.000000            
2.051724            2.655172            0.000000            
2.172414            2.655172            0.000000            
2.293103            2.655172            0.000000            
2.413793            2.655172            0.000000            
2.534483            2.655172            0.000000            
2.655172            2.655172            0.000000            
2.775862            2.655172            0.000000            
2.896552            2.655172            0.000000            
3.017241            2.655172            0.000000            
3.137931            2.655172            0.000000            
3.258621            2.655172            0.000000            
3.379310            2.655172            0.000000            
3.500000            2.655172            0.000000            
0.000000            2.775862            200.000000          
0.120690            2.775862            0.000000            
0.241379            2.775862            0.000000            
0.362069            2.775862            0.000000            
0.482759            2.775862            0.000000            
0.603448            2.775862            0.000000            
0.724138            2.775862            0.000000            
0.844828            2.775862            0.000000            
0.965517            2.775862            0.000000            
1.086207            2.775862            0.000000            
1.206897            2.775862            0.000000            
1.327586            2.775862            0.000000            
1.448276            2.775862            0.000000            
1.568966            2.775862            0.000000            
1.689655            2.775862            0.000000            
1.810345            2.775862            0.000000            
1.931034            2.775862            0.000000            
2.051724            2.775862            0.000000            
2.172414            2.775862            0.000000            
2.293103            2.775862            0.000000            
2.413793            2.775862            0.000000            
2.534483            2.775862            0.000000            
2.655172            2.775862            0.000000            
2.775862            2.775862            0.000000            
2.896552            2.775862            0.000000            
3.017241            2.775862            0.000000            
3.137931            2.775862            0.000000            
3.258621            2.775862            0.000000            
3.379310            2.775862            0.000000            
3.500000            2.775862            0.000000            
0.000000            2.896552            200.000000          
0.120690            2.896552            0.000000            
0.241379            2.896552            0.000000            
0.362069            2.896552            0.000000            
0.482759            2.896552            0.000000            
0.603448            2.896552            0.000000            
0.724138            2.896552            0.000000            
0.844828            2.896552            0.000000            
0.965517            2.896552            0.000000            
1.086207            2.896552            0.000000            
1.206897            2.896552            0.000000            
1.327586            2.896552            0.000000            
1.448276            2.896552            0.000000            
1.568966            2.896552            0.000000            
1.689655            2.896552            0.000000            
1.810345            2.896552            0.000000            
1.931034            2.896552            0.000000            
2.051724            2.896552            0.000000            
2.172414            2.896552            0.000000            
2.293103            2.896552            0.000000            
2.413793            2.896552            0.000000            
2.534483            2.896552            0.000000            
2.655172            2.896552            0.000000            
2.775862            2.896552            0.000000            
2.896552            2.896552            0.000000            
3.017241            2.896552            0.000000            
3.137931            2.896552            0.000000            
3.258621            2.896552            0.000000            
3.379310            2.896552            0.000000            
3.500000            2.896552            0.000000            
0.000000            3.017241            200.000000          
0.120690            3.017241            0.000000            
0.241379            3.017241            0.000000            
0.362069            3.017241            0.000000            
0.482759            3.017241            0.000000            
0.603448            3.017241            0.000000            
0.724138            3.017241            0.000000            
0.844828            3.017241            0.000000            
0.965517            3.017241            0.000000            
1.086207            3.017241            0.000000            
1.206897            3.017241            0.000000            
1.327586            3.017241            0.000000            
1.448276            3.017241            0.000000            
1.568966            3.017241            0.000000            
1.689655            3.017241            0.000000            
1.810345            3.017241            0.000000            
1.931034            3.017241            0.000000            
2.051724            3.017241            0.000000            
2.172414            3.017241            0.000000            
2.293103            3.017241            0.000000            
2.413793            3.017241            0.000000            
2.534483            3.017241            0.000000            
2.655172            3.017241            0.000000            
2.775862            3.017241            0.000000            
2.896552            3.017241            0.000000            
3.017241            3.017241            0.000000            
3.137931            3.017241            0.000000            
3.258621            3.017241            0.000000            
3.379310            3.017241            0.000000            
3.500000            3.017241            0.000000            
0.000000            3.137931            200.000000          
0.120690            3.137931            0.000000            
0.241379            3.137931            0.000000            
0.362069            3.137931            0.000000            
0.482759            3.137931            0.000000            
0.603448            3.137931            0.000000            
0.724138            3.137931            0.000000            
0.844828            3.137931            0.000000            
0.965517            3.137931            0.000000            
1.086207            3.137931            0.000000            
1.206897            3.137931            0.000000            
1.327586            3.137931            0.000000            
1.448276            3.137931            0.000000            
1.568966            3.137931            0.000000            
1.689655            3.137931            0.000000            
1.810345            3.137931            0.000000            
1.931034            3.137931            0.000000            
2.051724            3.137931            0.000000            
2.172414            3.137931            0.000000            
2.293103            3.137931            0.000000            
2.413793            3.137931            0.000000            
2.534483            3.137931            0.000000            
2.655172            3.137931            0.000000            
2.775862            3.137931            0.000000            
2.896552            3.137931            0.000000            
3.017241            3.137931            0.000000            
3.137931            3.137931            0.000000            
3.258621            3.137931            0.000000            
3.379310            3.137931            0.000000            
3.500000            3.137931            0.000000            
0.000000            3.258621            200.000000          
0.120690            3.258621            0.000000            
0.241379            3.258621            0.000000            
0.362069            3.258621            0.000000            
0.482759            3.258621            0.000000            
0.603448            3.258621            0.000000            
0.724138            3.258621            0.000000            
0.844828            3.258621            0.000000            
0.965517            3.258621            0.000000            
1.086207            3.258621            0.000000            
1.206897            3.258621            0.000000            
1.327586            3.258621            0.000000            
1.448276            3.258621            0.000000            
1.568966            3.258621            0.000000            
1.689655            3.258621            0.000000            
1.810345            3.258621            0.000000            
1.931034            3.258621            0.000000            
2.051724            3.258621            0.000000            
2.172414            3.258621            0.000000            
2.293103            3.258621            0.000000            
2.413793            3.258621            0.000000            
2.534483            3.258621            0.000000            
2.655172            3.258621            0.000000            
2.775862            3.258621            0.000000            
2.896552            3.258621            0.000000            
3.017241            3.258621            0.000000            
3.137931            3.258621            0.000000            
3.258621            3.258621            0.000000            
3.379310            3.258621            0.000000            
3.500000            3.258621            0.000000            
0.000000            3.379310            200.000000          
0.120690            3.379310            0.000000            
0.241379            3.379310            0.000000            
0.362069            3.379310            0.000000            
0.482759            3.379310            0.000000            
0.603448            3.379310            0.000000            
0.724138            3.379310            0.000000            
0.844828            3.379310            0.000000            
0.965517            3.379310            0.000000            
1.086207            3.379310            0.000000            
1.206897            3.379310            0.000000            
1.327586            3.379310            0.000000            
1.448276            3.379310            0.000000            
1.568966            3.379310            0.000000            
1.689655            3.379310            0.000000            
1.810345            3.379310            0.000000            
1.931034            3.379310            0.000000            
2.051724            3.379310            0.000000            
2.172414            3.379310            0.000000            
2.293103            3.379310            0.000000            
2.413793            3.379310            0.000000            
2.534483            3.379310            0.000000            
2.655172            3.379310            0.000000            
2.775862            3.379310            0.000000            
2.896552            3.379310            0.000000            
3.017241            3.379310            0.000000            
3.137931            3.379310            0.000000            
3.258621            3.379310            0.000000            
3.379310            3.379310            0.000000            
3.500000            3.379310            0.000000            
0.000000            3.500000            200.000000          
0.120690            3.500000            0.000000            
0.241379            3.500000            0.000000            
0.362069            3.500000            0.000000            
0.482759            3.500000            0.000000            
0.603448            3.500000            0.000000            
0.724138            3.500000            0.000000            
0.844828            3.500000            0.000000            
0.965517            3.500000            0.000000            
1.086207            3.500000            0.000000            
1.206897            3.500000            0.000000            
1.327586            3.500000            0.000000            
1.448276            3.500000            0.000000            
1.568966            3.500000            0.000000            
1.689655            3.500000            0.000000            
1.810345            3.500000            0.000000            
1.931034            3.500000            0.000000            
2.051724            3.500000            0.000000            
2.172414            3.500000            0.000000            
2.293103            3.500000            0.000000            
2.413793            3.500000            0.000000            
2.534483            3.500000            0.000000            
2.655172            3.500000            0.000000            
2.775862            3.500000            0.000000            
2.896552            3.500000            0.000000            
3.017241            3.500000            0.000000            
3.137931            3.500000            0.000000            
3.258621            3.500000            0.000000            
3.379310            3.500000            0.000000            
3.500000            3.500000            0.000000            
